free_thresh: 0.196
image: map32.pgm
negate: 0
occupied_thresh: 0.65
origin: [0.00000, -0.000000, 0.000000]
resolution: 0.05


